Name Lat Lon S-SSE_trem_N S-SSE_trem_E S-SSE_trem_U std_S-SSE_trem_N std_S-SSE_trem_E std_S-SSE_trem_U L-SSE_trem_N L-SSE_trem_E L-SSE_trem_U std_L-SSE_trem_N std_L-SSE_trem_E std_L-SSE_trem_U L-SSE_inter_N L-SSE_inter_E L-SSE_inter_U std_L-SSE_inter_N std_L-SSE_inter_E std_L-SSE_inter_U Inter-Seismic_1_N Inter-Seismic_1_E Inter-Seismic_1_U std_Inter-Seismic_1_N std_Inter-Seismic_1_E std_Inter-Seismic_1_U Inter-Seismic_2_N Inter-Seismic_2_E Inter-Seismic_2_U std_Inter-Seismic_2_N std_Inter-Seismic_2_E std_Inter-Seismic_2_U
ACAP 16.822253 -99.856930 -0.011115 0.000182 61.577390 0.014108 0.004708 42.621903 -0.015022 -0.015839 25.679383 0.010547 0.007120 17.082973 -0.000220 -0.024750 25.679383 0.007120 0.007485 17.082973 0.010936 0.015832 -0.010989 0.002457 0.002891 0.005879 0.010870 0.017310 -0.030144 0.004708 0.003965 0.012870 
ACYA 16.837972 -99.902980 -0.013380 -0.016342 12.240517 0.008953 0.002766 33.279089 -0.000517 -0.029645 24.748282 0.006921 0.005156 11.054128 -0.002012 -0.033308 24.748282 0.005156 0.005068 11.054128 0.008507 0.020806 -0.011259 0.004704 0.004635 0.007150 0.012512 0.023424 -0.017700 0.002766 0.002318 0.008216 
ARIG 18.280492 -100.347480 -0.016903 -0.010310 45.000539 0.013449 0.005116 47.069038 -0.017412 -0.055511 -2.328747 0.011242 0.007890 25.306878 -0.014013 -0.017816 -2.328747 0.007890 0.008902 25.306878 0.007305 0.011518 0.008069 0.003202 0.004136 0.011938 0.009549 0.015203 0.002057 0.005116 0.003733 0.013039 
AYUT 16.987752 -99.145298 -0.002218 -0.016788 48.366382 0.009209 0.003118 32.326721 -0.015148 -0.038454 27.577142 0.012251 0.006440 19.394448 -0.017646 -0.043180 27.577142 0.006440 0.008538 19.394448 0.014409 0.024373 -0.004914 0.002309 0.003056 0.007286 0.011286 0.029425 -0.014035 0.003118 0.002828 0.009914 
CAYA 17.048512 -100.267253 -0.014133 -0.017132 37.500797 0.007495 0.002461 25.493880 -0.030032 -0.092808 51.638720 0.010268 0.006335 13.132534 -0.033284 -0.038023 51.638720 0.006335 0.007352 13.132534 0.016792 0.019287 -0.012368 0.005490 0.008232 0.010902 0.020702 0.024824 -0.021145 0.002461 0.001941 0.006206 
COYU 17.008365 -100.081053 -0.020027 -0.019358 -51.233739 0.007627 0.002190 33.715556 -0.010623 -0.062040 58.274390 0.010230 0.008311 25.128257 -0.023508 -0.069018 58.274390 0.008311 0.007852 25.128257 0.009551 0.018160 -0.008793 0.003291 0.003785 0.010020 0.011362 0.025241 0.006393 0.002190 0.001977 0.008356 
CPDP 16.777709 -99.629604 -0.012730 -0.011971 7.985027 0.006911 0.001826 24.159566 -0.003669 -0.026084 -4.159853 0.006588 0.004197 12.972829 -0.008022 -0.033326 -4.159853 0.004197 0.004759 12.972829 0.011968 0.018091 -0.008925 0.002696 0.003449 0.008773 0.014722 0.021596 -0.017819 0.001826 0.001769 0.006381 
DOAP 17.021175 -99.650686 --- --- --- --- --- --- 0.000757 -0.012986 31.708079 0.015914 0.013088 26.927423 0.007161 -0.015694 31.708079 0.013088 0.014297 26.927423 --- --- --- --- --- --- --- --- --- --- --- --- 
DOAR 17.021139 -99.650740 -0.003245 -0.007221 -1.904244 0.009721 0.002740 31.935429 -0.021702 -0.042967 23.150642 0.013581 0.008176 29.899513 -0.014677 -0.041568 23.150642 0.008176 0.010713 29.899513 0.010184 0.020732 -0.009795 0.005595 0.004136 0.011669 0.011164 0.021361 -0.005981 0.002740 0.003051 0.008887 
ICEP 19.033024 -98.187598 -0.000506 -0.007133 10.291532 0.007530 0.002198 23.324619 -0.001534 -0.004106 -16.870117 0.006706 0.006672 19.088074 -0.005630 -0.018335 -16.870117 0.006672 0.006376 19.088074 0.002344 0.005059 0.000077 0.001893 0.002014 0.005080 0.002139 0.006534 -0.003920 0.002198 0.002062 0.006431 
IGC2 19.326676 -99.176349 --- --- --- --- --- --- 0.000083 -0.012872 -32.901085 0.013985 0.016224 40.538681 -0.013757 -0.035723 -32.901085 0.016224 0.011740 40.538681 --- --- --- --- --- --- --- --- --- --- --- --- 
IGC4 19.326825 -99.176334 --- --- --- --- --- --- -0.007414 -0.030774 -7.988948 0.016662 0.014386 43.741765 -0.014849 -0.033038 -7.988948 0.014386 0.014092 43.741765 --- --- --- --- --- --- --- --- --- --- --- --- 
IGCU 19.326645 -99.176317 --- --- --- --- --- --- -0.001010 -0.012765 -33.339108 0.016389 0.017467 38.822838 -0.021642 -0.026028 -33.339108 0.017467 0.013697 38.822838 --- --- --- --- --- --- --- --- --- --- --- --- 
IGEF 19.326825 -99.176334 --- --- --- --- --- --- -0.007414 -0.030774 -7.988948 0.016662 0.014386 43.741765 -0.014849 -0.033038 -7.988948 0.014386 0.014092 43.741765 --- --- --- --- --- --- --- --- --- --- --- --- 
IGUA 18.391980 -99.502386 -0.010221 -0.029398 -40.090811 0.007296 0.001590 22.256825 -0.030813 -0.047199 -17.055374 0.006063 0.003733 10.291057 -0.001169 -0.019983 -17.055374 0.003733 0.004510 10.291057 0.006287 0.011500 0.005039 0.002015 0.003204 0.006243 0.009391 0.019977 0.011864 0.001590 0.001902 0.005735 
LAZA 17.519333 -99.486589 -0.016362 -0.040167 34.660041 0.009861 0.002810 37.618105 -0.016152 -0.017996 -9.973443 0.008751 0.006451 15.558063 -0.021880 -0.024730 -9.973443 0.006451 0.006170 15.558063 0.008838 0.013087 0.004033 0.003137 0.002934 0.007060 0.011054 0.016861 0.004484 0.002810 0.002772 0.009199 
MEZC 17.925198 -99.619732 -0.023340 -0.024502 24.440380 0.008962 0.002209 27.538543 -0.042518 -0.040447 -3.627268 0.007838 0.006216 13.319367 -0.014288 -0.015882 -3.627268 0.006216 0.006034 13.319367 0.009866 0.017603 0.011199 0.002468 0.003485 0.006819 0.009866 0.017603 0.011199 0.002468 0.003485 0.006819 
OCOT 17.252352 -99.518683 -0.010490 -0.031078 -8.486001 0.019276 0.004351 45.274821 -0.017959 -0.026199 16.637207 0.007643 0.005940 15.299624 -0.026967 -0.036447 16.637207 0.005940 0.005404 15.299624 0.008146 0.014440 -0.012698 0.002499 0.002759 0.006743 0.015040 0.025430 -0.008779 0.004351 0.005067 0.012212 
OXTP 17.625607 -98.446277 0.005557 -0.003443 18.477056 0.007709 0.002673 23.187787 0.001187 -0.008726 -118.813506 0.013383 0.011040 30.186101 -0.034006 -0.046535 -118.813506 0.011040 0.010678 30.186101 0.010277 0.013476 0.005450 0.002211 0.001715 0.005906 0.010277 0.013476 0.005450 0.002211 0.001715 
PAPA 17.272648 -101.047230 -0.012001 -0.006297 75.121392 0.009610 0.002696 28.262083 --- --- --- --- --- --- --- --- --- --- --- --- 0.007946 0.011086 -0.014855 0.003703 0.002885 0.007508 0.006709 0.014479 -0.023201 0.002696 0.002481 0.007372 
PORV 17.531633 -100.936002 -0.010393 -0.002641 -16.575581 0.024020 0.008586 42.924941 --- --- --- --- --- --- --- --- --- --- --- --- 0.006942 0.010800 0.007478 0.002300 0.001968 0.006200 0.011303 0.009858 0.016845 0.004586 0.003256 0.012954 
SMRC 16.807079 -99.390671 -0.025256 -0.017096 -5.894837 0.012492 0.003475 30.732533 -0.010518 -0.054980 9.556929 0.013585 0.005988 20.301094 0.002937 -0.034827 9.556929 0.005988 0.008828 20.301094 0.010617 0.023983 -0.011375 0.002637 0.003726 0.007570 0.021599 0.026881 -0.003088 0.003475 0.003475 0.008531 
SVDB 17.174410 -100.170044 -0.012306 -0.030818 -43.584005 0.015791 0.005313 45.186730 -0.067782 -0.096444 41.629152 0.022753 0.014270 31.614069 -0.049789 -0.017831 41.629152 0.014270 0.018017 31.614069 0.017408 0.010317 0.001533 0.004021 0.003069 0.008665 0.020719 0.020556 0.009304 0.005313 0.004628 0.011933 
TCPN 17.235893 -100.628149 -0.014986 -0.004375 32.290686 0.007877 0.002153 23.920873 -0.039563 -0.058545 -0.937797 0.015732 0.011619 18.210058 -0.018782 -0.025930 -0.937797 0.011619 0.013956 18.210058 0.013021 0.013150 -0.013438 0.002946 0.005915 0.008970 0.014395 0.012674 -0.021756 0.002153 0.002133 0.005797 
TLIG 17.562000 -98.566000 -0.002947 -0.013228 -26.783528 0.008604 0.002592 40.342770 -0.025301 -0.016025 -37.162425 0.008716 0.007938 27.043267 -0.021762 -0.035060 -37.162425 0.007938 0.007085 27.043267 0.010318 0.016945 0.013885 0.002530 0.002409 0.008746 0.010318 0.016945 0.013885 0.002530 0.002409  
TNAL 19.118731 -98.655235 0.004292 0.001187 22.295394 0.009763 0.002855 24.608030 0.010003 0.009624 7.125415 0.016670 0.020511 48.018613 -0.006444 -0.024988 7.125415 0.020511 0.019813 48.018613 0.000709 0.007076 0.002631 0.001670 0.001670 0.004142 -0.000163 0.006953 -0.003382 0.002855 0.002854 0.007194 
TNMO 19.648780 -101.227840 -0.009511 0.003548 6.127506 0.006592 0.002302 18.468386 0.006490 -0.014366 -6.207199 0.008157 0.009811 23.710363 0.001958 -0.016326 -6.207199 0.009811 0.007896 23.710363 0.001897 0.003962 -0.000873 0.001986 0.002090 0.004945 0.006104 0.002781 -0.004565 0.002302 0.001782 0.005141 
TOL2 19.293234 -99.643472 0.002669 -0.008263 9.305950 0.004414 0.001205 13.472948 -0.007903 -0.011614 -4.623642 0.004428 0.003465 11.606164 -0.003629 -0.016431 -4.623642 0.003465 0.003778 11.606164 0.003040 0.005564 0.004196 0.002061 0.002138 0.006211 0.002415 0.007422 0.003672 0.001205 0.001235 0.003713 
UCOE 19.813210 -101.694420 -0.000138 0.002777 1.044410 0.004794 0.001725 15.249974 0.005398 -0.007358 -22.913557 0.010279 0.007646 22.438238 -0.001443 -0.018427 -22.913557 0.007646 0.008092 22.438238 0.001694 0.004376 0.000609 0.001731 0.001830 0.004667 0.001643 0.002767 0.000602 0.001725 0.001493 0.004671 
UNIP 19.312697 -99.181303 0.002627 -0.008103 -0.773659 0.005791 0.001883 17.059425 -0.008040 -0.015260 -14.340909 0.004702 0.004186 14.130735 -0.002453 -0.006769 -14.340909 0.004186 0.004209 14.130735 0.001585 0.005117 -0.000037 0.001743 0.002099 0.005660 0.002229 0.006188 0.003162 0.001883 0.001814 0.005504 
UTAC 19.404494 -99.195181 0.014294 -0.006413 -1.216065 0.012735 0.003722 35.517359 0.006924 -0.003648 -25.333228 0.010416 0.011966 33.455485 -0.010506 -0.027216 -25.333228 0.011966 0.011232 33.455485 0.000354 0.005004 0.007467 0.001546 0.001577 0.004589 -0.004080 0.005708 -0.012667 0.003722 0.003567 0.011215 
YAIG 18.862435 -99.066938 -0.007826 -0.014830 4.011360 0.010335 0.002325 32.846361 -0.006177 -0.015738 9.719502 0.009700 0.006968 23.772183 -0.006470 -0.022924 9.719502 0.006968 0.008585 23.772183 0.002708 0.006855 0.002609 0.002182 0.002778 0.007408 0.002708 0.006855 0.002609 0.002182 0.002778 0.007408  
ZIHP 17.606912 -101.464954 -0.006958 -0.001735 4.513749 0.004906 0.001919 15.462795 -0.076782 -0.020990 195.841458 0.012942 0.013890 43.549256 0.011399 -0.017666 195.841458 0.013890 0.015250 43.549256 0.015069 0.017641 -0.006056 0.004379 0.003136 0.006422 0.015234 0.017120 -0.003175 0.001919 0.001783 0.005396 
ZIHU 17.606912 -101.464954 -0.006958 -0.001735 4.513749 0.004906 0.001919 15.462795 -0.076782 -0.020990 195.841458 0.012942 0.013890 43.549256 0.011399 -0.017666 195.841458 0.013890 0.015250 43.549256 0.015069 0.017641 -0.006056 0.004379 0.003136 0.006422 0.015234 0.017120 -0.003175 0.001919 0.001783 0.005396 
HUAM 15.753133 -96.129455 0.006568 -0.011796 -4.848771 0.017271 0.011830 46.675515 --- --- --- --- --- --- --- --- --- --- --- --- 0.011261 0.016624 -0.007641 0.001985 0.002259 0.005916 0.008398 0.021098 -0.003876 0.003171 0.003075 0.027863 
MRQL 16.593470 -98.817204 -0.012360 -0.024039 31.570152 0.011353 0.004667 41.081614 -0.021690 -0.031446 40.314805 0.010938 0.007618 17.896323 -0.005840 -0.016569 40.314805 0.007618 0.009469 17.896323 0.017710 0.023161 -0.002596 0.002041 0.002602 0.005781 0.020164 0.036349 -0.027327 0.004658 0.004200 0.014805 
OAX2 17.078340 -96.716739 0.002121 -0.006755 2.573400 0.005653 0.001588 17.275591 -0.023144 -0.041950 -22.551583 0.008992 0.007108 25.161824 -0.014317 -0.006349 -22.551583 0.007108 0.006805 25.161824 0.008863 0.014125 -0.001660 0.002021 0.002398 0.007806 0.007680 0.018269 -0.002427 0.001581 0.001660 0.005001 
OAXA 17.072547 -96.733012 0.004542 -0.001920 -10.466967 0.005826 0.002332 18.422818 -0.024161 -0.021483 -9.776805 0.011892 0.010023 31.881703 0.012440 -0.015289 -9.776805 0.010023 0.010845 31.881703 0.007865 0.013424 0.001392 0.002187 0.002967 0.005791 0.006742 0.017978 0.007556 0.002364 0.002108 0.006099 
OXAC 18.130143 -98.041132 0.001745 -0.016131 -42.130747 0.005061 0.001898 18.928078 -0.024744 -0.037470 22.986871 0.016610 0.012607 31.830707 0.006441 0.009800 22.986871 0.012607 0.013222 31.830707 0.002781 0.007681 0.009761 0.001764 0.002239 0.005612 0.003002 0.017661 0.025291 0.001903 0.001606 0.005986 
OXEC 16.519969 -96.054883 0.015599 -0.015022 -22.941657 0.006172 0.002796 22.263530 0.013819 -0.041382 75.852318 0.019032 0.024163 60.724749 -0.029580 0.006042 75.852318 0.024163 0.021565 60.724749 0.008606 0.012713 -0.001265 0.001963 0.002221 0.006007 -0.001725 0.024223 0.007478 0.002771 0.002390 0.009019 
OXGU 16.631529 -96.910879 0.022562 0.000145 26.341847 0.008012 0.002949 22.404085 -0.024231 -0.045693 -17.457298 0.014236 0.015094 40.413710 -0.005907 0.016071 -17.457298 0.015094 0.012220 40.413710 0.010804 0.017048 -0.013720 0.002913 0.003217 0.008154 0.001252 0.015662 -0.017428 0.003012 0.002495 0.006810 
OXLP 16.141751 -97.051123 0.056405 0.000262 -34.923262 0.013576 0.007182 49.638244 -0.006690 -0.036463 -37.294074 0.014433 0.014010 38.567750 -0.024338 0.034931 -37.294074 0.014010 0.011678 38.567750 0.014713 0.022675 -0.022929 0.003848 0.003479 0.012808 0.007131 0.029132 -0.052855 0.003209 0.003163 0.019414 
OXMA 16.710274 -98.611638 0.001932 -0.006484 -6.619389 0.009795 0.004787 30.230963 -0.040277 -0.050860 44.204669 0.014377 0.011703 27.898505 0.013079 -0.003527 44.204669 0.011703 0.011701 27.898505 0.016755 0.017610 0.006304 0.001954 0.003617 0.005534 0.010990 0.028654 -0.008213 0.002776 0.002504 0.013988 
OXNC 17.399566 -97.217867 --- --- --- --- --- --- 0.003936 -0.036211 4.128180 0.013697 0.017220 53.804285 -0.005470 -0.030569 4.128180 0.017220 0.013160 53.804285 --- --- --- --- --- --- --- --- --- --- --- --- 
OXP2 16.993204 -97.932749 --- --- --- --- --- --- -0.080346 -0.042371 -10.069417 0.014501 0.013295 33.801809 0.030462 0.018247 -10.069417 0.013295 0.009701 33.801809 --- --- --- --- --- --- --- --- --- --- --- --- 
OXPE 15.888687 -97.075261 0.005796 -0.007667 10.984136 0.008831 0.003680 18.254591 --- --- --- --- --- --- --- --- --- --- --- --- 0.017755 0.027661 -0.008601 0.002006 0.003217 0.006909 0.016255 0.036207 -0.031419 0.003677 0.003780 0.012525 
OXTP 17.625607 -98.446277 -0.014010 -0.009676 13.113137 0.009051 0.003413 31.924995 -0.052218 -0.064828 -38.444230 0.010018 0.009486 23.448659 -0.006307 -0.012088 -38.444230 0.009486 0.008946 23.448659 0.010277 0.013476 0.005450 0.002211 0.001715 0.005906 0.010277 0.013476 0.005450 0.002211 0.001715 
OXUM 15.662246 -96.499028 0.008660 -0.008155 13.645077 0.012409 0.006086 27.637402 -0.007743 -0.039000 -11.965898 0.049597 0.011040 33.312109 0.004300 -0.007386 -11.965898 0.011040 0.030976 33.312109 0.014432 0.020512 -0.008465 0.001951 0.002361 0.005561 0.010668 0.020926 -0.009522 0.003155 0.002808 0.019472 
PEIG 15.997694 -97.147546 0.005057 -0.009097 -8.612567 0.022981 0.009054 45.742765 -0.004853 -0.019386 62.136209 0.012600 0.006377 23.633164 -0.008532 -0.021819 62.136209 0.006377 0.007439 23.633164 0.014684 0.028095 -0.007550 0.001999 0.002447 0.008774 0.011701 0.028493 -0.012136 0.002879 0.003090 0.023060 
PINO 16.392776 -98.127349 -0.011693 -0.013405 11.746254 0.012814 0.003498 57.835260 -0.005144 -0.032795 44.169685 0.013462 0.007979 30.581377 -0.006321 0.005650 44.169685 0.007979 0.010368 30.581377 0.012681 0.020590 -0.010721 0.002671 0.003372 0.007902 0.014875 0.024964 -0.016837 0.003518 0.004062 0.011656 
PUAN 15.665358 -96.491630 0.015205 -0.011414 39.621582 0.015862 0.010545 37.575050 0.030331 -0.002214 72.288931 0.019019 0.020064 39.790148 -0.016895 0.006928 72.288931 0.020064 0.018589 39.790148 0.011142 0.020453 -0.005128 0.001966 0.002008 0.005045 0.005432 0.024434 -0.017549 0.003246 0.003260 0.021254 
SLUI 16.811282 -98.741245 0.004436 -0.003610 26.573835 0.014557 0.010665 37.335409 -0.034816 -0.041531 4.596965 0.017112 0.014570 33.714603 -0.007668 -0.030781 4.596965 0.014570 0.011493 33.714603 0.010862 0.024865 -0.004496 0.004020 0.001959 0.009138 0.011743 0.026163 -0.006884 0.003589 0.003248 0.026915 
TLIG 17.562000 -98.566000 -0.020013 -0.027982 -6.798909 0.010293 0.003724 47.012279 -0.013317 -0.055458 5.531811 0.010225 0.008499 31.578342 -0.021639 -0.002374 5.531811 0.008499 0.007634 31.578342 0.010318 0.016945 0.013885 0.002530 0.002409 0.008746 0.010318 0.016945 0.013885 0.002530 0.002409 0.008746 
TNAT 18.130210 -98.041130 --- --- --- --- --- --- 0.002638 0.003216 -4.632911 0.018056 0.016771 28.756524 -0.012753 -0.016777 -4.632911 0.016771 0.011287 28.756524 --- --- --- --- --- --- --- --- --- --- --- ---
TNCY 16.058500 -97.758900 0.016123 -0.011926 30.209199 0.014382 0.013817 42.208849 --- --- --- --- --- --- --- --- --- --- --- --- 0.009962 0.011219 -0.003645 0.003075 0.002096 0.006685 0.003463 0.017288 0.004970 0.002683 0.001476 0.058763 
TNMQ 16.710400 -98.611600 --- --- --- --- --- --- -0.062349 -0.066934 10.325388 0.017597 0.017824 34.952739 -0.038605 -0.047508 10.325388 0.017824 0.015083 34.952739 --- --- --- --- --- --- --- --- --- --- --- ---
TNNX 17.407600 -97.223900 -0.024799 -0.014266 -21.311194 0.016176 0.013695 59.510465 -0.015429 -0.041481 9.763636 0.014936 0.007277 23.777861 -0.014093 -0.008419 9.763636 0.007277 0.012563 23.777861 0.007455 0.010995 0.000765 0.002006 0.002683 0.004729 0.016038 0.011038 0.007445 0.003535 0.002775 0.052681 